Colors.

Human Domains
	Domain (8,3) (6,3) (8,3)
		Suit	(6,4) (7,4) (6,3) (8,3) (10,3) (7,5)
		Gun		(8,3) -(8,1) -(10,1) -(6,4)
				(6,4) -(4,1) -(8,3)  -(10,4)
	Domain (8,3) (12,5) (8,3)
		Gun		(8,3) -(2,4) -(1,5) -(10,3)
				(2,4) -(4,1) -(6,4) -(8,5)
	Domain (10,3) (7,4) (8,3)

Domains	(8,3) (6,3) (8,3)
		(8,3) (12,5) (8,3)
		(10,3) (7,4) (8,3)
		(10,3) (6,1) (10,3)
		(10,3) (4,2) (3,2)
		(6,1) (8,3) (6,1)
		(8,1) (6,0) (7,4)
		(8,1) (12,5) (8,2)
		(10,1) (6,4) (10,1)
		(6,2) (8,2) (8,2)
		(6,2) (10,2) (6,2)
		(8,2) (10,3) (10,3)
		(10,2) (10,3) (10,3)
		(6,3) (6,1) (6,1)
		(10,3) (3,4) (3,4)
		(10,3) (1,3) (10,3)

Guns
		(4,0) (6,0)
		(4,1) (8,1)
		(6,1) (6,0)
		(8,1) (10,0)
		(3,2) (10,0)
		(8,2) (8,3)
		(8,2) (6,4)
		(8,2) (7,4)
		(10,2) (3,2)
		(6,3) (8,2)
		(8,3) (4,1)
		(8,3) (4,2)
		(8,3) (8,2)
		(8,3) (7,4)
		(8,3) (7,5)
		(8,3) (10,5)
		(3,4) (8,3)
		(3,4) (3,2)
		(3,4) (1,3)
		(4,4) (4,2)
		(4,4) (6,2)
		(4,4) (8,2)
		(4,4) (10,2)
		(4,4) (7,4)
		(5,4) (8,3)
		(5,4) (8,2)
		(6,4) (4,2)
		(6,4) (7,4)
		(6,4) (5,4)
		

Troll
	Build:
	B 12,3
	C 2, 3
	G 4, 3

	Weapon:
	B 12, 3
	C 2, 3    2,2    4,2    10,0    10,2    10,5

